function C = cell_colors

C = [255 195 55;  % yellow
    36 146 102;    % green
    9 117 220; %blue
    248 224 33;  % light yellow
    125 190 102;    % light green
    255 64 0]/255; % red